-49.8438 0.991145
-49.9311 1.97088
-50.0055 2.98576
-49.7421 3.90461
-49.8319 4.85382
-49.5658 5.79266
-49.6351 6.65858
-49.2452 7.7907
-49.2469 8.47758
-49.1468 9.601
-48.9672 10.4923
-48.6995 11.2901
-48.4397 12.2556
-48.2199 13.1378
-47.7643 14.1834
-47.6881 15.1812
-47.2554 15.8928
-47.0406 16.8864
-46.7825 17.6672
-46.3998 18.687
-46.0319 19.6011
-45.6665 20.5085
-45.2229 21.2553
-44.6956 22.1457
-44.2523 22.9768
-43.9325 23.8682
-43.4615 24.7921
-43.0631 25.6978
-42.5254 26.2243
-42.0137 27.1403
-41.4156 28.1054
-40.9797 28.5478
-40.3253 29.2931
-39.6735 30.264
-39.342 30.8368
-38.6096 31.5297
-37.9553 32.4376
-37.6059 33.1984
-36.8532 33.9075
-36.149 34.5806
-35.6827 35.3496
-34.8679 35.8776
-34.0849 36.4994
-33.3435 37.0323
-32.6755 37.8706
-31.8215 38.4591
-31.1716 39.0355
-30.6608 39.6789
-29.6203 40.2383
-28.9356 40.8017
-28.2481 41.3157
-27.1996 41.8437
-26.5057 42.4902
-25.7891 42.8757
-25.0343 43.4085
-24.2776 43.8173
-23.3832 44.0988
-22.6092 44.833
-21.4886 45.0232
-20.6432 45.6626
-19.9047 45.8371
-18.8871 46.2953
-17.9718 46.7388
-17.1348 46.949
-16.3467 47.3079
-15.2839 47.5697
-14.4121 47.8171
-13.528 48.1571
-12.6304 48.5444
-11.5961 48.6153
-10.5335 48.6512
-9.57699 49.0087
-8.65607 49.2976
-7.64007 49.4469
-6.83286 49.4957
-5.74534 49.6469
-4.89935 49.7653
-3.85131 49.9473
-2.93487 49.8049
-2.08128 49.9484
-0.992869 49.8572
-0.0666991 49.9534
0.968028 50.0227
1.87115 49.8042
2.7351 49.9171
3.87935 49.8189
4.65888 49.8357
5.73158 49.6742
6.41663 49.4763
7.64863 49.3419
8.49652 49.2958
9.57206 48.9889
10.5264 48.8562
11.2589 48.6736
12.1389 48.4594
13.1584 48.1967
14.014 47.9253
14.8088 47.7463
15.7746 47.4919
16.8209 47.0051
