50.0883 0.835785
49.9463 1.82414
50.0568 2.82013
49.6635 3.74135
49.8825 4.62242
49.7883 5.55254
49.5223 6.45157
49.5838 7.18623
49.3579 8.15268
49.1867 9.3952
49.0259 10.0324
48.6141 11.0154
48.4708 12.0327
48.3631 12.7371
48.1234 13.8739
47.6963 14.7082
47.3824 15.8296
47.2466 16.5586
46.7399 17.3887
46.4072 18.4671
46.0222 19.1225
45.6843 20.1569
45.4049 21.1398
45.1041 21.7511
44.2927 22.6787
44.1619 23.6035
43.5919 24.4897
43.0321 25.3539
42.5929 26.2469
42.1627 26.9635
41.7817 27.7449
41.0357 28.5244
40.6142 29.2444
39.7495 30.1812
39.3537 30.86
38.6301 31.6232
38.2246 32.3075
37.5691 33.1179
36.8479 33.8372
36.224 34.5948
35.4173 35.149
34.8397 35.8572
34.1948 36.5557
33.514 37.0442
32.7614 37.9471
32.021 38.4503
31.2916 39.0397
30.5724 39.6866
29.8192 40.1183
29.1261 40.8704
28.1933 41.3725
27.2592 41.7369
26.4907 42.3017
25.8594 42.7944
24.879 43.3476
24.1898 43.8387
23.1756 44.2946
22.4031 44.7342
21.5181 44.9873
20.6818 45.5141
19.7266 46.017
18.7148 46.2615
17.9509 46.6119
17.2773 46.8643
16.4518 47.3306
15.294 47.5292
14.5398 47.9186
13.4122 48.0694
12.487 48.4393
11.3957 48.6438
10.7092 48.6671
9.59628 49.1653
8.81472 49.192
7.90353 49.3091
7.03179 49.5067
6.11367 49.491
5.03667 49.742
4.11222 49.8196
3.0362 49.9706
2.20982 49.9604
1.1337 50.0662
0.36597 50.0404
-0.476554 49.9764
-1.77463 49.9089
-2.84891 49.9097
-3.74419 49.781
-4.50283 49.7026
-5.56406 49.7866
-6.56999 49.6068
-7.51509 49.3682
-8.49065 49.358
-9.18786 49.0822
-10.1904 48.9195
-11.2011 48.8557
-12.2813 48.3749
-13.0759 48.1989
-14.0529 47.8775
-14.8898 47.7511
-15.8261 47.4764
-16.6979 47.1291
