-49.8425 0.990721
-49.9542 1.94638
-50.1633 2.949
-49.8586 3.9279
-49.4417 4.84859
-49.6736 5.81991
-49.6293 6.65893
-49.4221 7.74729
-49.3015 8.45673
-49.0558 9.43795
-48.884 10.4807
-48.5974 11.067
-48.576 12.1307
-48.2164 13.2983
-47.9235 13.9951
-47.5984 14.9612
-47.5168 15.8373
-47.213 16.882
-46.7819 17.773
-46.2847 18.5832
-46.1233 19.3662
-45.6925 20.1914
-45.0677 21.0701
-44.9511 21.8338
-44.4507 23.0107
-44.0292 23.7864
-43.5628 24.5678
-43.1523 25.2181
-42.521 26.0019
-42.041 26.9064
-41.5396 27.8211
-40.9233 28.3293
-40.4861 29.2246
-39.8848 30.1177
-39.3523 30.793
-38.8676 31.4617
-38.4623 32.2442
-37.7492 32.8457
-37.0607 33.6424
-36.209 34.377
-35.8428 34.9274
-35.0244 35.6583
-34.3342 36.3947
-33.5257 36.9145
-32.7898 37.811
-32.1958 38.4711
-31.3621 39.0956
-30.5935 39.4897
-29.9363 40.0384
-29.0573 40.7425
-28.3956 41.2897
-27.5079 41.6057
-26.7396 42.0938
-25.7976 42.8869
-25.1125 43.3373
-24.3894 43.7418
-23.3254 44.141
-22.5088 44.7388
-21.5173 45.1031
-20.6552 45.6252
-19.7355 45.7753
-18.7915 46.1105
-17.9782 46.5369
-17.202 47.1701
-16.2544 47.374
-15.3809 47.5218
-14.4338 47.8007
-13.638 48.0121
-12.6106 48.4178
-11.7054 48.4504
-10.8281 48.9001
-9.70343 49.0542
-8.80656 49.2305
-7.84691 49.4174
-6.76872 49.478
-5.8844 49.3914
-5.10854 49.88
-4.17624 49.808
-3.23934 49.9193
-2.2235 49.8144
-1.20944 50.1827
-0.136259 50.1214
0.745021 50.023
1.7096 50.0768
2.61239 49.9677
3.47069 49.7089
4.47695 49.9234
5.32136 49.7903
6.31519 49.6104
7.44037 49.4455
8.43551 49.4
9.15242 48.9702
10.0215 48.9705
10.9424 48.926
11.9036 48.6352
12.8549 48.3824
13.7501 48.1779
14.6825 47.8234
15.5135 47.4072
16.5562 47.294
