49.9335 0.987222
49.855 1.90264
49.8944 2.85263
49.7234 3.82215
49.8343 4.73893
49.4007 5.77908
49.6357 6.59048
49.4056 7.63253
49.1647 8.60275
49.1294 9.47583
48.8578 10.3403
48.8758 11.2104
48.4729 12.1231
48.3444 13.0936
48.0265 14.1385
47.7734 15.0172
47.3385 15.987
47.0939 16.8045
46.8792 17.7239
46.4242 18.5299
46.057 19.4467
45.6416 20.208
45.3165 21.2339
44.8737 21.9436
44.5326 22.931
43.9251 23.644
43.6473 24.7033
43.0458 25.4079
42.5014 26.502
42.182 27.0445
41.4083 27.9545
41.0106 28.6715
40.484 29.4934
39.8448 30.0556
39.2437 31.0095
39.1287 31.5325
38.2087 32.39
37.5007 33.1306
36.9558 33.9418
36.1202 34.5758
35.4355 35.1091
34.8391 36.0082
34.1778 36.4571
33.5877 37.3412
32.6 37.6772
31.8053 38.5437
30.934 39.1045
30.4012 39.7873
29.715 40.4522
28.6978 40.7902
28.1752 41.2858
27.4165 41.8792
26.5969 42.665
25.7543 43.0444
24.7938 43.4761
24.061 43.9412
23.1293 44.3936
22.0393 44.7512
21.3129 45.1849
20.5119 45.4838
19.5287 45.9728
18.6769 46.4637
17.7578 46.7831
16.7061 47.1237
15.7674 47.402
15.0338 47.6191
14.0174 48.0474
13.1618 48.2711
12.0948 48.6185
11.3516 48.7406
10.3086 48.9761
9.2424 49.0222
8.48254 49.2712
7.44629 49.3724
6.59294 49.4696
5.70577 49.8477
4.59981 49.8997
3.70744 49.7777
2.96482 49.889
1.82499 49.8716
0.96623 49.819
-0.0602149 50.1058
-0.865937 49.858
-1.97845 50.0321
-3.08429 49.9924
-3.82226 49.966
-4.83296 49.8029
-5.74158 49.5614
-6.70532 49.4811
-7.67302 49.4176
-8.73282 49.3647
-9.51529 49.1506
-10.4166 48.9359
-11.6966 48.6701
-12.3142 48.3873
-13.5735 48.2933
-14.1968 48.0266
-15.2439 47.7333
-16.1294 47.3316
-16.9877 47.0026
